#sparse matrix <225, 225> with 1065 entries
              0              0              4
              0              1             -1
              0             15             -1
              1              0             -1
              1              1              4
              1              2             -1
              1             16             -1
              2              1             -1
              2              2              4
              2              3             -1
              2             17             -1
              3              2             -1
              3              3              4
              3              4             -1
              3             18             -1
              4              3             -1
              4              4              4
              4              5             -1
              4             19             -1
              5              4             -1
              5              5              4
              5              6             -1
              5             20             -1
              6              5             -1
              6              6              4
              6              7             -1
              6             21             -1
              7              6             -1
              7              7              4
              7              8             -1
              7             22             -1
              8              7             -1
              8              8              4
              8              9             -1
              8             23             -1
              9              8             -1
              9              9              4
              9             10             -1
              9             24             -1
             10              9             -1
             10             10              4
             10             11             -1
             10             25             -1
             11             10             -1
             11             11              4
             11             12             -1
             11             26             -1
             12             11             -1
             12             12              4
             12             13             -1
             12             27             -1
             13             12             -1
             13             13              4
             13             14             -1
             13             28             -1
             14             13             -1
             14             14              4
             14             29             -1
             15              0             -1
             15             15              4
             15             16             -1
             15             30             -1
             16              1             -1
             16             15             -1
             16             16              4
             16             17             -1
             16             31             -1
             17              2             -1
             17             16             -1
             17             17              4
             17             18             -1
             17             32             -1
             18              3             -1
             18             17             -1
             18             18              4
             18             19             -1
             18             33             -1
             19              4             -1
             19             18             -1
             19             19              4
             19             20             -1
             19             34             -1
             20              5             -1
             20             19             -1
             20             20              4
             20             21             -1
             20             35             -1
             21              6             -1
             21             20             -1
             21             21              4
             21             22             -1
             21             36             -1
             22              7             -1
             22             21             -1
             22             22              4
             22             23             -1
             22             37             -1
             23              8             -1
             23             22             -1
             23             23              4
             23             24             -1
             23             38             -1
             24              9             -1
             24             23             -1
             24             24              4
             24             25             -1
             24             39             -1
             25             10             -1
             25             24             -1
             25             25              4
             25             26             -1
             25             40             -1
             26             11             -1
             26             25             -1
             26             26              4
             26             27             -1
             26             41             -1
             27             12             -1
             27             26             -1
             27             27              4
             27             28             -1
             27             42             -1
             28             13             -1
             28             27             -1
             28             28              4
             28             29             -1
             28             43             -1
             29             14             -1
             29             28             -1
             29             29              4
             29             44             -1
             30             15             -1
             30             30              4
             30             31             -1
             30             45             -1
             31             16             -1
             31             30             -1
             31             31              4
             31             32             -1
             31             46             -1
             32             17             -1
             32             31             -1
             32             32              4
             32             33             -1
             32             47             -1
             33             18             -1
             33             32             -1
             33             33              4
             33             34             -1
             33             48             -1
             34             19             -1
             34             33             -1
             34             34              4
             34             35             -1
             34             49             -1
             35             20             -1
             35             34             -1
             35             35              4
             35             36             -1
             35             50             -1
             36             21             -1
             36             35             -1
             36             36              4
             36             37             -1
             36             51             -1
             37             22             -1
             37             36             -1
             37             37              4
             37             38             -1
             37             52             -1
             38             23             -1
             38             37             -1
             38             38              4
             38             39             -1
             38             53             -1
             39             24             -1
             39             38             -1
             39             39              4
             39             40             -1
             39             54             -1
             40             25             -1
             40             39             -1
             40             40              4
             40             41             -1
             40             55             -1
             41             26             -1
             41             40             -1
             41             41              4
             41             42             -1
             41             56             -1
             42             27             -1
             42             41             -1
             42             42              4
             42             43             -1
             42             57             -1
             43             28             -1
             43             42             -1
             43             43              4
             43             44             -1
             43             58             -1
             44             29             -1
             44             43             -1
             44             44              4
             44             59             -1
             45             30             -1
             45             45              4
             45             46             -1
             45             60             -1
             46             31             -1
             46             45             -1
             46             46              4
             46             47             -1
             46             61             -1
             47             32             -1
             47             46             -1
             47             47              4
             47             48             -1
             47             62             -1
             48             33             -1
             48             47             -1
             48             48              4
             48             49             -1
             48             63             -1
             49             34             -1
             49             48             -1
             49             49              4
             49             50             -1
             49             64             -1
             50             35             -1
             50             49             -1
             50             50              4
             50             51             -1
             50             65             -1
             51             36             -1
             51             50             -1
             51             51              4
             51             52             -1
             51             66             -1
             52             37             -1
             52             51             -1
             52             52              4
             52             53             -1
             52             67             -1
             53             38             -1
             53             52             -1
             53             53              4
             53             54             -1
             53             68             -1
             54             39             -1
             54             53             -1
             54             54              4
             54             55             -1
             54             69             -1
             55             40             -1
             55             54             -1
             55             55              4
             55             56             -1
             55             70             -1
             56             41             -1
             56             55             -1
             56             56              4
             56             57             -1
             56             71             -1
             57             42             -1
             57             56             -1
             57             57              4
             57             58             -1
             57             72             -1
             58             43             -1
             58             57             -1
             58             58              4
             58             59             -1
             58             73             -1
             59             44             -1
             59             58             -1
             59             59              4
             59             74             -1
             60             45             -1
             60             60              4
             60             61             -1
             60             75             -1
             61             46             -1
             61             60             -1
             61             61              4
             61             62             -1
             61             76             -1
             62             47             -1
             62             61             -1
             62             62              4
             62             63             -1
             62             77             -1
             63             48             -1
             63             62             -1
             63             63              4
             63             64             -1
             63             78             -1
             64             49             -1
             64             63             -1
             64             64              4
             64             65             -1
             64             79             -1
             65             50             -1
             65             64             -1
             65             65              4
             65             66             -1
             65             80             -1
             66             51             -1
             66             65             -1
             66             66              4
             66             67             -1
             66             81             -1
             67             52             -1
             67             66             -1
             67             67              4
             67             68             -1
             67             82             -1
             68             53             -1
             68             67             -1
             68             68              4
             68             69             -1
             68             83             -1
             69             54             -1
             69             68             -1
             69             69              4
             69             70             -1
             69             84             -1
             70             55             -1
             70             69             -1
             70             70              4
             70             71             -1
             70             85             -1
             71             56             -1
             71             70             -1
             71             71              4
             71             72             -1
             71             86             -1
             72             57             -1
             72             71             -1
             72             72              4
             72             73             -1
             72             87             -1
             73             58             -1
             73             72             -1
             73             73              4
             73             74             -1
             73             88             -1
             74             59             -1
             74             73             -1
             74             74              4
             74             89             -1
             75             60             -1
             75             75              4
             75             76             -1
             75             90             -1
             76             61             -1
             76             75             -1
             76             76              4
             76             77             -1
             76             91             -1
             77             62             -1
             77             76             -1
             77             77              4
             77             78             -1
             77             92             -1
             78             63             -1
             78             77             -1
             78             78              4
             78             79             -1
             78             93             -1
             79             64             -1
             79             78             -1
             79             79              4
             79             80             -1
             79             94             -1
             80             65             -1
             80             79             -1
             80             80              4
             80             81             -1
             80             95             -1
             81             66             -1
             81             80             -1
             81             81              4
             81             82             -1
             81             96             -1
             82             67             -1
             82             81             -1
             82             82              4
             82             83             -1
             82             97             -1
             83             68             -1
             83             82             -1
             83             83              4
             83             84             -1
             83             98             -1
             84             69             -1
             84             83             -1
             84             84              4
             84             85             -1
             84             99             -1
             85             70             -1
             85             84             -1
             85             85              4
             85             86             -1
             85            100             -1
             86             71             -1
             86             85             -1
             86             86              4
             86             87             -1
             86            101             -1
             87             72             -1
             87             86             -1
             87             87              4
             87             88             -1
             87            102             -1
             88             73             -1
             88             87             -1
             88             88              4
             88             89             -1
             88            103             -1
             89             74             -1
             89             88             -1
             89             89              4
             89            104             -1
             90             75             -1
             90             90              4
             90             91             -1
             90            105             -1
             91             76             -1
             91             90             -1
             91             91              4
             91             92             -1
             91            106             -1
             92             77             -1
             92             91             -1
             92             92              4
             92             93             -1
             92            107             -1
             93             78             -1
             93             92             -1
             93             93              4
             93             94             -1
             93            108             -1
             94             79             -1
             94             93             -1
             94             94              4
             94             95             -1
             94            109             -1
             95             80             -1
             95             94             -1
             95             95              4
             95             96             -1
             95            110             -1
             96             81             -1
             96             95             -1
             96             96              4
             96             97             -1
             96            111             -1
             97             82             -1
             97             96             -1
             97             97              4
             97             98             -1
             97            112             -1
             98             83             -1
             98             97             -1
             98             98              4
             98             99             -1
             98            113             -1
             99             84             -1
             99             98             -1
             99             99              4
             99            100             -1
             99            114             -1
            100             85             -1
            100             99             -1
            100            100              4
            100            101             -1
            100            115             -1
            101             86             -1
            101            100             -1
            101            101              4
            101            102             -1
            101            116             -1
            102             87             -1
            102            101             -1
            102            102              4
            102            103             -1
            102            117             -1
            103             88             -1
            103            102             -1
            103            103              4
            103            104             -1
            103            118             -1
            104             89             -1
            104            103             -1
            104            104              4
            104            119             -1
            105             90             -1
            105            105              4
            105            106             -1
            105            120             -1
            106             91             -1
            106            105             -1
            106            106              4
            106            107             -1
            106            121             -1
            107             92             -1
            107            106             -1
            107            107              4
            107            108             -1
            107            122             -1
            108             93             -1
            108            107             -1
            108            108              4
            108            109             -1
            108            123             -1
            109             94             -1
            109            108             -1
            109            109              4
            109            110             -1
            109            124             -1
            110             95             -1
            110            109             -1
            110            110              4
            110            111             -1
            110            125             -1
            111             96             -1
            111            110             -1
            111            111              4
            111            112             -1
            111            126             -1
            112             97             -1
            112            111             -1
            112            112              4
            112            113             -1
            112            127             -1
            113             98             -1
            113            112             -1
            113            113              4
            113            114             -1
            113            128             -1
            114             99             -1
            114            113             -1
            114            114              4
            114            115             -1
            114            129             -1
            115            100             -1
            115            114             -1
            115            115              4
            115            116             -1
            115            130             -1
            116            101             -1
            116            115             -1
            116            116              4
            116            117             -1
            116            131             -1
            117            102             -1
            117            116             -1
            117            117              4
            117            118             -1
            117            132             -1
            118            103             -1
            118            117             -1
            118            118              4
            118            119             -1
            118            133             -1
            119            104             -1
            119            118             -1
            119            119              4
            119            134             -1
            120            105             -1
            120            120              4
            120            121             -1
            120            135             -1
            121            106             -1
            121            120             -1
            121            121              4
            121            122             -1
            121            136             -1
            122            107             -1
            122            121             -1
            122            122              4
            122            123             -1
            122            137             -1
            123            108             -1
            123            122             -1
            123            123              4
            123            124             -1
            123            138             -1
            124            109             -1
            124            123             -1
            124            124              4
            124            125             -1
            124            139             -1
            125            110             -1
            125            124             -1
            125            125              4
            125            126             -1
            125            140             -1
            126            111             -1
            126            125             -1
            126            126              4
            126            127             -1
            126            141             -1
            127            112             -1
            127            126             -1
            127            127              4
            127            128             -1
            127            142             -1
            128            113             -1
            128            127             -1
            128            128              4
            128            129             -1
            128            143             -1
            129            114             -1
            129            128             -1
            129            129              4
            129            130             -1
            129            144             -1
            130            115             -1
            130            129             -1
            130            130              4
            130            131             -1
            130            145             -1
            131            116             -1
            131            130             -1
            131            131              4
            131            132             -1
            131            146             -1
            132            117             -1
            132            131             -1
            132            132              4
            132            133             -1
            132            147             -1
            133            118             -1
            133            132             -1
            133            133              4
            133            134             -1
            133            148             -1
            134            119             -1
            134            133             -1
            134            134              4
            134            149             -1
            135            120             -1
            135            135              4
            135            136             -1
            135            150             -1
            136            121             -1
            136            135             -1
            136            136              4
            136            137             -1
            136            151             -1
            137            122             -1
            137            136             -1
            137            137              4
            137            138             -1
            137            152             -1
            138            123             -1
            138            137             -1
            138            138              4
            138            139             -1
            138            153             -1
            139            124             -1
            139            138             -1
            139            139              4
            139            140             -1
            139            154             -1
            140            125             -1
            140            139             -1
            140            140              4
            140            141             -1
            140            155             -1
            141            126             -1
            141            140             -1
            141            141              4
            141            142             -1
            141            156             -1
            142            127             -1
            142            141             -1
            142            142              4
            142            143             -1
            142            157             -1
            143            128             -1
            143            142             -1
            143            143              4
            143            144             -1
            143            158             -1
            144            129             -1
            144            143             -1
            144            144              4
            144            145             -1
            144            159             -1
            145            130             -1
            145            144             -1
            145            145              4
            145            146             -1
            145            160             -1
            146            131             -1
            146            145             -1
            146            146              4
            146            147             -1
            146            161             -1
            147            132             -1
            147            146             -1
            147            147              4
            147            148             -1
            147            162             -1
            148            133             -1
            148            147             -1
            148            148              4
            148            149             -1
            148            163             -1
            149            134             -1
            149            148             -1
            149            149              4
            149            164             -1
            150            135             -1
            150            150              4
            150            151             -1
            150            165             -1
            151            136             -1
            151            150             -1
            151            151              4
            151            152             -1
            151            166             -1
            152            137             -1
            152            151             -1
            152            152              4
            152            153             -1
            152            167             -1
            153            138             -1
            153            152             -1
            153            153              4
            153            154             -1
            153            168             -1
            154            139             -1
            154            153             -1
            154            154              4
            154            155             -1
            154            169             -1
            155            140             -1
            155            154             -1
            155            155              4
            155            156             -1
            155            170             -1
            156            141             -1
            156            155             -1
            156            156              4
            156            157             -1
            156            171             -1
            157            142             -1
            157            156             -1
            157            157              4
            157            158             -1
            157            172             -1
            158            143             -1
            158            157             -1
            158            158              4
            158            159             -1
            158            173             -1
            159            144             -1
            159            158             -1
            159            159              4
            159            160             -1
            159            174             -1
            160            145             -1
            160            159             -1
            160            160              4
            160            161             -1
            160            175             -1
            161            146             -1
            161            160             -1
            161            161              4
            161            162             -1
            161            176             -1
            162            147             -1
            162            161             -1
            162            162              4
            162            163             -1
            162            177             -1
            163            148             -1
            163            162             -1
            163            163              4
            163            164             -1
            163            178             -1
            164            149             -1
            164            163             -1
            164            164              4
            164            179             -1
            165            150             -1
            165            165              4
            165            166             -1
            165            180             -1
            166            151             -1
            166            165             -1
            166            166              4
            166            167             -1
            166            181             -1
            167            152             -1
            167            166             -1
            167            167              4
            167            168             -1
            167            182             -1
            168            153             -1
            168            167             -1
            168            168              4
            168            169             -1
            168            183             -1
            169            154             -1
            169            168             -1
            169            169              4
            169            170             -1
            169            184             -1
            170            155             -1
            170            169             -1
            170            170              4
            170            171             -1
            170            185             -1
            171            156             -1
            171            170             -1
            171            171              4
            171            172             -1
            171            186             -1
            172            157             -1
            172            171             -1
            172            172              4
            172            173             -1
            172            187             -1
            173            158             -1
            173            172             -1
            173            173              4
            173            174             -1
            173            188             -1
            174            159             -1
            174            173             -1
            174            174              4
            174            175             -1
            174            189             -1
            175            160             -1
            175            174             -1
            175            175              4
            175            176             -1
            175            190             -1
            176            161             -1
            176            175             -1
            176            176              4
            176            177             -1
            176            191             -1
            177            162             -1
            177            176             -1
            177            177              4
            177            178             -1
            177            192             -1
            178            163             -1
            178            177             -1
            178            178              4
            178            179             -1
            178            193             -1
            179            164             -1
            179            178             -1
            179            179              4
            179            194             -1
            180            165             -1
            180            180              4
            180            181             -1
            180            195             -1
            181            166             -1
            181            180             -1
            181            181              4
            181            182             -1
            181            196             -1
            182            167             -1
            182            181             -1
            182            182              4
            182            183             -1
            182            197             -1
            183            168             -1
            183            182             -1
            183            183              4
            183            184             -1
            183            198             -1
            184            169             -1
            184            183             -1
            184            184              4
            184            185             -1
            184            199             -1
            185            170             -1
            185            184             -1
            185            185              4
            185            186             -1
            185            200             -1
            186            171             -1
            186            185             -1
            186            186              4
            186            187             -1
            186            201             -1
            187            172             -1
            187            186             -1
            187            187              4
            187            188             -1
            187            202             -1
            188            173             -1
            188            187             -1
            188            188              4
            188            189             -1
            188            203             -1
            189            174             -1
            189            188             -1
            189            189              4
            189            190             -1
            189            204             -1
            190            175             -1
            190            189             -1
            190            190              4
            190            191             -1
            190            205             -1
            191            176             -1
            191            190             -1
            191            191              4
            191            192             -1
            191            206             -1
            192            177             -1
            192            191             -1
            192            192              4
            192            193             -1
            192            207             -1
            193            178             -1
            193            192             -1
            193            193              4
            193            194             -1
            193            208             -1
            194            179             -1
            194            193             -1
            194            194              4
            194            209             -1
            195            180             -1
            195            195              4
            195            196             -1
            195            210             -1
            196            181             -1
            196            195             -1
            196            196              4
            196            197             -1
            196            211             -1
            197            182             -1
            197            196             -1
            197            197              4
            197            198             -1
            197            212             -1
            198            183             -1
            198            197             -1
            198            198              4
            198            199             -1
            198            213             -1
            199            184             -1
            199            198             -1
            199            199              4
            199            200             -1
            199            214             -1
            200            185             -1
            200            199             -1
            200            200              4
            200            201             -1
            200            215             -1
            201            186             -1
            201            200             -1
            201            201              4
            201            202             -1
            201            216             -1
            202            187             -1
            202            201             -1
            202            202              4
            202            203             -1
            202            217             -1
            203            188             -1
            203            202             -1
            203            203              4
            203            204             -1
            203            218             -1
            204            189             -1
            204            203             -1
            204            204              4
            204            205             -1
            204            219             -1
            205            190             -1
            205            204             -1
            205            205              4
            205            206             -1
            205            220             -1
            206            191             -1
            206            205             -1
            206            206              4
            206            207             -1
            206            221             -1
            207            192             -1
            207            206             -1
            207            207              4
            207            208             -1
            207            222             -1
            208            193             -1
            208            207             -1
            208            208              4
            208            209             -1
            208            223             -1
            209            194             -1
            209            208             -1
            209            209              4
            209            224             -1
            210            195             -1
            210            210              4
            210            211             -1
            211            196             -1
            211            210             -1
            211            211              4
            211            212             -1
            212            197             -1
            212            211             -1
            212            212              4
            212            213             -1
            213            198             -1
            213            212             -1
            213            213              4
            213            214             -1
            214            199             -1
            214            213             -1
            214            214              4
            214            215             -1
            215            200             -1
            215            214             -1
            215            215              4
            215            216             -1
            216            201             -1
            216            215             -1
            216            216              4
            216            217             -1
            217            202             -1
            217            216             -1
            217            217              4
            217            218             -1
            218            203             -1
            218            217             -1
            218            218              4
            218            219             -1
            219            204             -1
            219            218             -1
            219            219              4
            219            220             -1
            220            205             -1
            220            219             -1
            220            220              4
            220            221             -1
            221            206             -1
            221            220             -1
            221            221              4
            221            222             -1
            222            207             -1
            222            221             -1
            222            222              4
            222            223             -1
            223            208             -1
            223            222             -1
            223            223              4
            223            224             -1
            224            209             -1
            224            223             -1
            224            224              4
